000001000001
010000000000
000000000011
000000010100
000000101101
000000000000
000000000000
000000000000
000001010111
000000000000
000000000000
000000000000
000011001000
000000000000
000000000000
000000000000
000000001111
000000000000
000000000000
000000000000
000000000000
000000000000
000000000000
000000000000
000000000000
000000000000
000000000000
000000000000
000000000000
000000000000
000000000000
000000000000
000000000000
000000000000
000000000000
000000000000
000000000000
000000000000
000000000000
000000000000
000000000000
000000000000
000000000000
000000000000
000000000000
000000000000
000000000000
000000000000
000000000000
000000000000
000000000000
000000000000
000001001000
000001000101
000001001100
000001001100
000001001111
000000100000
000001010111
000001001111
000001010010
000001001100
000001000100
000001110011
000000100111
000001000010
